321
258
544
444
154
199
291
283
426
430
539
406
352
16
467
354
54
544
469
462
178
234
332
281
93
123
137
427
251
98
66
259
528
130
457
421
9
573
586
371
306
66
595
380
326
289
435
363
438
156
185
117
211
287
290
313
54
0
459
456
439
358
119
373
172
206
557
400
123
374
371
582
411
62
39
8
326
90
265
333
3
81
481
520
562
461
116
62
431
397
349
202
533
276
9
339
76
376
597
391
273
528
174
321
237
59
84
136
221
544
240
458
443
437
156
380
292
566
323
533
514
366
498
222
306
428
44
47
211
489
576
449
77
533
427
354
7
379
300
157
393
54
173
225
332
321
107
570
458
421
