iso_code	country	ghg	co2	methane	nitrous_oxide	population	gdp	energy_consumption	electricity_generation	renewable_energy	hydropower	wind	biomass	solar	geothermal	
AFG	Afghanistan	84.014	8.2166	65.894	8.23	33319680.8	62717505200	34.2828	-9999	1071	1035	0.1	0	35.5	0	
ALB	Albania	9.192	4.841	3.232	1.208	2898227.4	29920003079	34.2292	7782	7784	7782	0	0	1.9	0	
DZA	Algeria	201.892	140.3374	49.184	11.192	38945428	533466891561	572.8864	70997	430.5	72	19.4	0	339.1	0	
AGO	Angola	191.476	33.0702	54.742	21.124	26958469.2	167061551874	105.1676	10361	7282	7109	0	155	18.3	0	
ATG	Antigua_and_Barbuda	1.214	0.4706	0.196	0.02	92514	-9999	2.982	-9999	5.5	0	0	0	5.5	0	
ARG	Argentina	473	190.7776	119.562	45.62	42634521	835383852739	976.4622	147220	31700	30134.8	554.1	1820	14.5	0	
ARM	Armenia	9.122	5.5118	2.518	1.142	2911188.2	28289721592	43.022	7315	2354	2351.2	1.8	0	1.2	0	
AUS	Australia	548.098	402.863	141.14	77.662	23590099.6	1118122614354	1598.116	227386	62917	14638	22605	3164	22510	0	
AUT	Austria	72.098	66.55	6.998	3.654	8619919.8	356787139629	394.4766	68351	50772	42919	5235	4603	1096	0	
AZE	Azerbaijan	74.672	36.2564	46.694	3.54	9502909.8	158191791610	159.8534	24953	2192	1959	22.8	174.5	35.3	0	
BHS	Bahamas	3.476	2.312	0.312	0.106	370698.2	-9999	12.5468	-9999	1.9	0	0	0	1.9	0	
BHR	Bahrain	44.916	30.536	13.438	0.084	1349738	53673584937	198.716	28510	9.5	0	1.2	0	8.3	0	
BGD	Bangladesh	200.538	67.6412	80.574	27.354	154503593.8	521147284169	329.103	64327	1183	946	5.1	7.7	224.3	0	
BRB	Barbados	4.044	1.3402	2.32	0.052	284788.4	3437122600	7.0252	-9999	29.6	0	0.1	0	29.5	0	
BLR	Belarus	85.662	61.2818	16.984	12.756	9431470.2	175450804164	288.8952	33566	392	141.9	74.8	147.2	28.1	0	
BEL	Belgium	107.61	100.5668	8.602	4.744	11220585.2	429033136916	698.171	85520	14168	1489	5436	5276	3086	0	
BLZ	Belize	4.92	0.5248	1.05	0.318	353279.8	-9999	2.9138	-9999	383.1	260.5	0	117.4	5.3	0	
BEN	Benin	24.842	5.1382	5.4	2.748	10293744.2	20923597585	20.2502	355	11.2	1	0	0	10.2	0	
BTN	Bhutan	-1.778	0.939	0.942	0.208	719092.2	-9999	23.449	-9999	7962	7959	1.8	0	0.7	0	
BOL	Bolivia	141.464	20.3326	27.81	9.89	10705624.6	63561633309	85.6246	9409	1937	1720	34.9	176.2	5.7	0	
BIH	Bosnia_and_Herzegovina	26.18	20.6882	3.618	1.284	3489060.2	36833409266	79.3624	17767	5591	5587	0.8	36.1	13.4	0	
BWA	Botswana	67.336	5.8698	15.19	4.934	2094272.4	31335551594	17.9294	2688	4.3	0	0	0	4.3	0	
BRA	Brazil	1384.854	522.1458	432.892	176.91	202744351	3084649530004	3354.011	578889	465579	380911	33489	51040	138.8	0	
BRN	Brunei	17.192	8.109	9.596	0.152	409578.8	-9999	45.2922	4270	1.1	0	0	0	1.1	0	
BGR	Bulgaria	45.152	46.0032	7.454	3.812	7244286.8	117433196292	210.0192	45277	7106	4568	1425	353	1386	0	
BFA	Burkina_Faso	36.576	3.0144	14.584	9.33	17597407.6	25274643525	12.7366	-9999	157.1	139.5	0	2.3	15.3	0	
BDI	Burundi	7.56	0.402	2.016	1.938	9855726.2	7350372200	1.5422	-9999	284	271.9	0	6.6	5.4	0	
KHM	Cambodia	60.07	7.3166	23.546	6.136	15273803	45355447223	32.7402	5594	2641	2568	0.3	48.3	24.7	0	
CMR	Cameroon	205.402	6.728	17.112	63.34	22693869	63484859379	41.6444	8367	4385	4372.7	0	0	12.4	0	
CAN	Canada	821.902	569.2306	120.248	48.622	35658502.8	1539642705415	3850.7008	667438	433597	387208	30766	12685	3031	0	
CPV	Cape_Verde	0.694	0.5028	0.124	0.08	518227.2	3388582800	3.686	-9999	74.7	0	69.1	0	5.6	0	
CAF	Central_African_Republic	69.032	0.1622	23.87	31.422	4475876.2	3374454800	2.119	-9999	171.7	171.3	0	0	0.4	0	
TCD	Chad	74.148	0.794	33.162	15.012	13668274.4	28265763320	1.3908	-9999	9.2	0	8.9	0	0.3	0	
CHL	Chile	-0.742	81.057	13.618	7.088	17781853.4	376888280132	416.3396	79308	34319	23274	2449	5957	2639	0	
CHN	China	11486.116	9856.5626	1222.328	536.374	1399288186	15969965767177	34163.6698	7142200	1739400	1153400	357700	111100	117200	143.5	
COL	Colombia	201.386	88.2122	73.152	20.762	47046926.8	591432536577	468.234	76904	48339	46788	50.9	1420	80.2	0	
COM	Comoros	0.562	0.1788	0.268	0.052	759559.6	1254107200	0.7398	-9999	5	5	0	0	0	0	
COG	Congo	46.004	3.2818	11.38	3.588	4741401.6	29094037710	28.4422	1753	1164	1163.7	0	0	0.6	0	
CRI	Costa_Rica	3.668	7.5938	4.732	1.884	4794529	63556106849	58.9236	10881	10630	8026	1147	84.1	32.8	1340	
CIV	Cote_d'Ivoire	28.31	9.7614	6.85	3.396	22666248	75990339303	-9999	10253	1534	1529	0	0	5.1	0	
HRV	Croatia	19.03	18.2214	3.696	1.86	4253893	78268132762	91.6556	12820	8364	7058	1014	431	66	0	
CUB	Cuba	30.348	28.5394	13.236	3.814	11301325.6	85406523200	129.5098	20458	914.5	64.2	20.9	686.3	143	0	
CYP	Cyprus	7.864	7.0272	0.7	0.36	1152477	25227742754	29.739	4887	424	0	226	52	146	0	
CZE	Czechia	111.3	106.692	12.856	5.286	10595838.6	287637516389	476.876	83301	9384	3202	497	4756	2131	0	
COD	Democratic_Republic_of_Congo	220.236	3.0664	49.06	20.214	73836132	65846881551	39.1904	9135	9224	9221	0	0	3.2	0	
DNK	Denmark	48.14	38.2688	7.274	4.946	5662660.2	249805407778	199.838	30522	18451	19	12771	4917	744	0	
DJI	Djibouti	1.762	0.4558	0.676	0.266	898650.8	2305718000	3.775	-9999	0.5	0	0	0	0.5	0	
DMA	Dominica	0.342	0.1732	0.044	0.02	71109.2	680396200	0.8088	-9999	37.3	36.4	0.6	0	0.4	0	
DOM	Dominican_Republic	26.554	22.4926	8.932	3.048	10164747.4	130388671978	96.3252	19414	2021	1519	322.8	104.6	74.6	0	
ECU	Ecuador	99.922	39.9972	21.052	5.07	15967308.4	167902673772	180.9914	27314	16445	15833.8	84	489.5	38.2	0	
EGY	Egypt	299.804	218.125	55.886	23.128	90428236	1019720385710	985.7224	194327	16023	13545	2058	315.2	104.6	0	
SLV	El_Salvador	13.038	6.4076	4.132	1.304	6296076	49141805387	38.0724	5984	3633	1342.6	0	634.6	79.8	1576	
GNQ	Equatorial_Guinea	24.958	10.8308	14.212	0.04	1122726.4	29144125000	18.1066	-9999	127	127	0	0	0	0	
ERI	Eritrea	8.036	0.6272	3.614	3.022	3312475.4	-9999	2.3926	421	3.3	0	2	0	1.3	0	
EST	Estonia	20.978	17.979	1.138	1.35	1318068.2	30887095517	73.383	12176	1524	35	594	885	10.1	0	
SWZ	Eswatini	3.274	1.0522	1.482	0.452	1095836.4	8223637794	4.602	-9999	463.7	126.7	0	335.7	1.3	0	
ETH	Ethiopia	176.696	11.3896	99.31	48.19	98129190.6	139746188936	68.6178	11226	10509	9674	786	28.2	20.8	0	
FJI	Fiji	0.094	1.1878	1.036	0.362	867630.4	-9999	9.0012	-9999	571.7	499.2	3.6	63.6	5.3	0	
FIN	Finland	64.198	48.3914	4.706	4.652	5458801	202898468544	327.6624	68752	30407	15799	3068	11523	17	0	
FRA	France	339.984	340.5688	61.762	38.088	64154415.8	2433603276477	2782.9818	556184	97242	64889	21400	7134	8160	4	
GAB	Gabon	-85.152	5.266	1.458	0.542	1881224	32941733012	20.832	2336	1598	1596	0	0	1.9	0	
GMB	Gambia	2.222	0.4908	1.6	0.386	2025551.8	3393401400	2.2212	-9999	3.6	0	0.1	0	3.5	0	
GEO	Georgia	16.28	9.0016	5.6	2.25	4037549	50430102238	69.1968	11574	9338	9329	9	0	0	0	
DEU	Germany	818.326	806.8648	57.404	36.104	81515710.6	3621705270287	3738.9292	514860	237610	19430	127230	44420	46540	0	
GHA	Ghana	48.474	15.1822	18.73	6.104	27231945	95253400408	76.2888	13023	5593	5561	0	0.3	31	0	
GRC	Greece	90.998	79.6326	9.914	4.646	10699600	242919152936	322.044	54438	14893	5565	5146	274	3930	0	
GRD	Grenada	2.286	0.2672	1.99	0.01	108878	-9999	1.2196	-9999	2.3	0	0	0	2.3	0	
GTM	Guatemala	39.476	14.1724	11.912	5.096	15925067.4	111894861288	73.3906	12450	6435	3951	215.1	1778	201.3	289.1	
GIN	Guinea	42.112	2.3784	17.142	6.494	11173270.6	14895364029	11.8648	-9999	397.9	395.3	0	0	2.6	0	
GNB	Guinea-Bissau	4.124	0.2664	1.44	0.798	1693062.8	2306202944	1.5822	-9999	3.5	0	0	0	3.5	0	
GUY	Guyana	35.164	2.037	5.172	1.38	763367.2	-9999	8.3592	-9999	50.3	0	0.1	40.2	10	0	
HTI	Haiti	9.302	2.6638	4.564	1.574	10547223.4	17406729000	12.2468	1084	208.3	207	0	0	1.3	0	
HND	Honduras	50.18	9.3476	8.736	3.22	8955698.6	39638838558	45.357	8783	4404	2353.6	582.9	575.7	891.7	0	
HUN	Hungary	59.274	45.5426	7.378	5.338	9806834.4	216733656067	250.1498	31859	3215	259	684	2071	201	0	
ISL	Iceland	3.1	3.4924	0.548	0.396	328774.8	12821445843	56.9508	18550	18547	13470	9	0	0	5068	
IND	India	3102.942	2167.4338	660.286	246.29	1295378554	6810299457674	7660.5772	1598417	288642	165135	64639	13843	50103	0	
IDN	Indonesia	2470.938	525.7792	346.464	99.148	255064949.4	2529284601563	2018.485	248613	39509	19410	5.7	9364	73.4	10656	
IRN	Iran	850.588	624.1556	142.724	36.72	77508762.4	1286124289187	2808.5632	289094	16710	16419	264.3	21.8	5	0	
IRQ	Iraq	184.402	168.3302	15.786	5.13	34328384.6	469019927789	483.0568	80030	5145	5087	0	0	57.3	0	
IRL	Ireland	62.646	38.2574	15.614	9.336	4639737.4	243054595504	169.415	30418	7515	973	6149	681	4	0	
ISR	Israel	90.656	64.4926	10.798	2.198	7858295.2	243561619484	281.7472	66976	1656	23.1	64.4	170.7	1398	0	
ITA	Italy	379.99	368.4452	45.768	18.192	60339495.2	2011801132885	1808.0696	289768	108036	44257	17689	19509	22117	6289	
JAM	Jamaica	9.442	8.052	0.838	0.426	2874648.2	18851250184	35.7608	4230	345.2	118.7	190	23.5	13	0	
JPN	Japan	1294.314	1262.4392	22.528	18.418	128130959.2	4637016665077	5362.5778	1057976	158822	85083	9612	16847	50952	2509	
JOR	Jordan	33.978	24.6848	5.636	1.196	8869727.2	93446441834	107.8462	19731	959	41.6	390.7	6.5	520.2	0	
KAZ	Kazakhstan	293.276	271.173	40.998	9.974	17296634.4	409787155746	741.1016	106627	12013	11621	262	43.6	86.8	0	
KEN	Kenya	41.126	14.3976	37.844	17.844	46698677.6	138563000721	80.7204	9752	8843	3798	57.1	193.9	37.2	4758	
KIR	Kiribati	0.08	0.0542	0.02	0.002	109417.8	-9999	0.2492	-9999	4.8	0	0	0	4.8	0	
KWT	Kuwait	103.81	89.8936	5.53	0.774	3671724.6	276332144539	444.6954	70094	66.3	0	17.5	0	48.8	0	
KGZ	Kyrgyzstan	15.78	9.9352	4.6	1.878	5846173.8	25117800536	72.3996	13262	11498	11498	0	0	0	0	
LAO	Laos	38.544	7.2294	12.762	4.464	6642520	35849289600	64.3764	33822	17952	17946	0	4.4	2.3	0	
LVA	Latvia	-2.19	7.3062	2.004	1.882	2021425.6	41435769354	42.589	6425	3481.6	2530	128	823	0.6	0	
LBN	Lebanon	29.742	24.1446	2.98	0.704	6191728.8	97776635478	92.0154	18690	523.6	480	6	10	27.6	0	
LSO	Lesotho	4.626	2.4708	2.188	0.792	2044203.2	5102396600	4.1742	-9999	508.5	507.7	0	0	0.8	0	
LBR	Liberia	10.82	1.1188	6.584	1.602	4360504.8	3769381800	4.4644	-9999	21	21	0	0	0	0	
LBY	Libya	99.076	55.324	40.858	1.946	6375723	83936295555	216.9568	36430	7.8	0	0	0	7.8	0	
LTU	Lithuania	17.888	13.4954	3.478	3.778	2969484.8	67560211110	63.9524	4226	2088	1044	1136	432	66	0	
LUX	Luxembourg	10.606	9.8928	0.544	0.3	554785.6	30634411902	44.5682	2196	455.7	1528	101	139.7	100	0	
MDG	Madagascar	57.884	3.1218	20.398	9.648	23605249.4	31532754904	15.4556	-9999	905.8	886.5	0.5	0.6	18.2	0	
MWI	Malawi	19.73	1.1484	10.002	3.876	16295081	19693925622	7.9332	-9999	1472	1404	0	49.8	18	0	
MYS	Malaysia	155.872	236.9876	48.094	10.59	29871867	636890843433	1098.509	156660	21491	20342	0	917	232.4	0	
MDV	Maldives	1.66	1.253	0.112	0.03	435652	-9999	6.989	-9999	11.6	0	1.5	0	10.1	0	
MLI	Mali	42.05	2.9758	20.198	12.636	16953555.8	22388059515	15.1054	-9999	1111.6	1102	0	0	9.2	0	
MLT	Malta	2.586	2.1598	0.204	0.056	429560.2	11865597647	28.2558	856	133.4	0	0.4	8	125	0	
MHL	Marshall_Islands	0.1	0.1408	0.03	0	57199	-9999	-9999	-9999	2.2	0	0	0	2.2	0	
MRT	Mauritania	10.654	2.4666	6.608	3.09	3932956.4	11842431800	10.8056	-9999	343.8	182.9	104.3	0	56.6	0	
MUS	Mauritius	6.254	4.1586	1.828	0.24	1257525	23768849619	23.0302	3042	663.5	99.5	18	515.7	30.3	0	
MEX	Mexico	672.386	486.4664	134.088	41.32	120329616.2	1854134834037	2145.2668	320353	48937	30698	10378	1461	252	6148	
MDA	Moldova	11.268	4.822	3.368	1.052	4072102.8	20073283303	41.1782	5827	308.7	290	2.5	14.2	1.9	0	
MNG	Mongolia	64.386	31.3492	14.802	11.528	2940276.6	34915204600	56.777	5667	223.1	61	153.6	0	8.5	0	
MNE	Montenegro	3.66	2.145	0.846	0.188	626630.2	10287980548	13.0452	3141	1847	1843	0	0	4.1	0	
MAR	Morocco	85.736	57.5478	16.57	8.788	34187968.6	263632299055	215.3204	32141	4757	1662	3015	12.6	473.4	0	
MOZ	Mozambique	74.102	5.783	18.734	12.362	26316309.6	24635779916	80.5412	18732	15683	15611	0	16.8	0	0	
MMR	Myanmar	215.692	17.7094	78.594	24.55	52254581.2	247370783118	-9999	17867	9437	9400	0	0	36.5	0	
NAM	Namibia	21.928	3.5006	5.698	4.104	2274930.8	21403278497	18.9802	1421	1411	1359	0.1	0.2	51.6	0	
NRU	Nauru	0.062	0.0498	0	0	10296.2	-9999	0.2714	-9999	0.2	0	0	0	0.2	0	
NPL	Nepal	51.298	7.1712	31.484	8.324	27018080	67281054600	30.8936	4244	2777.7	2734.5	0.1	0	43	0	
NLD	Netherlands	184.35	163.2346	18.86	8.198	16889531.2	750753679745	1002.207	115170	13943	100	8170	4113	1560	0	
NZL	New_Zealand	64.124	35.47	33.242	14.828	4565659	149903977866	241.2922	43033	36118	25730	2303	608	52	7425	
NIC	Nicaragua	18.882	4.9462	9.886	3.468	6142986	27505387800	26.1828	4590	2445	426.7	729	533.2	26.8	729	
NER	Niger	39.072	1.9638	25.02	10.202	19266026	16443929057	9.3946	526	13.1	0	0	0	13.1	0	
NGA	Nigeria	459.462	119.1086	122.916	34.71	176499450.2	994409599398	412.9348	30897	5750	5721	3	0	25.8	0	
PRK	North_Korea	67.608	29.8314	18.554	2.526	25055885.6	43976249143	122.8992	16926	12815	12800	1.1	0	13.9	0	
MKD	North_Macedonia	11.03	7.5954	2.434	0.56	2077640.2	25089634020	29.6374	5629	2066	1897	109	36	24	0	
NOR	Norway	24.262	44.895	5.09	3.182	5137244.4	422001752451	524.685	149630	145379	144005	2116	233	23.8	0	
OMN	Oman	71.382	60.6176	5.074	0.7	4007329.8	157994061444	318.2046	34210	3.7	0	0	0	3.7	0	
PAK	Pakistan	380.134	167.3682	136.06	55.124	195380849	987741494181	790.772	114003	37249	34366	786.3	1506	590.4	0	
PLW	Palau	0.182	0.2178	0.02	0	17649.2	-9999	-9999	-9999	1.7	0	0	0	1.7	0	
PAN	Panama	26.9	10.5138	5.29	1.394	3902591.2	71558933400	108.024	10886	7255	6522.5	625.2	30.9	76.5	0	
PNG	Papua_New_Guinea	79.714	5.8712	17.346	4.91	7949132.4	-9999	26.239	-9999	1289	876.6	0	11	1.3	400	
PRY	Paraguay	192.822	5.8074	32.99	11.202	6599586.2	55595161630	192.863	63771	63902	63770	0	132.1	0	0	
PER	Peru	163.696	49.665	30.808	9.534	30153584.6	338205447206	273.4076	51923	26030	24171.7	1063.8	493.5	301.1	0	
PHL	Philippines	128.352	103.953	65.62	12.782	100474870.4	713110664055	413.023	90797	22031	8833	975	777.5	1097	11070	
POL	Poland	345.076	319.4714	47.326	21.146	38099893	898617136568	1123.5024	163989	25378	1958	15107	7602	711	0	
PRT	Portugal	67.252	49.7742	11.57	3.21	10422288.6	254492340702	284.155	60280	32262	16909	12474	3071	822	172	
QAT	Qatar	87.26	88.8928	7.152	1.398	2442389.2	354968148256	509.7892	42307	123.2	0	0	114.8	8.4	0	
ROU	Romania	-54.866	76.948	25.422	8.346	20023527.4	355884562539	376.5246	65103	26969	18536	6590	531	1820	0.1	
RUS	Russia	2415.636	1632.7624	881.162	72.262	144648922.8	3476012230785	7955.2836	1090973	184172	185668	6	32	79.3	414	
RWA	Rwanda	6.486	0.8564	2.99	1.912	11096546	17713323904	4.4252	-9999	342.1	324.6	0	1.9	15.7	0	
KNA	Saint_Kitts_and_Nevis	0.35	0.2294	0.08	0.02	50763.6	-9999	1.0468	-9999	10.7	0	7.6	0	3.1	0	
LCA	Saint_Lucia	0.78	0.4858	0.264	0.03	178325	1650228400	1.8278	-9999	1.3	0	0	0	1.3	0	
VCT	Saint_Vincent_and_the_Grenadines	0.326	0.236	0.07	0.01	108905.8	-9999	1.0314	-9999	26.6	24.7	0	0	1.9	0	
WSM	Samoa	0.61	0.2096	0.294	0.056	192014.2	-9999	1.274	-9999	50	37.9	1.5	0	10.6	0	
STP	Sao_Tome_and_Principe	0.18	0.1202	0.028	0.02	195771.4	654754200	0.6224	-9999	6	5.9	0	0	0.1	0	
SAU	Saudi_Arabia	621.434	605.4248	40.652	5.52	30856937.2	1549422386322	2881.6344	344809	129.2	0	0	0	129.2	0	
SEN	Senegal	32.292	8.76	10.494	7.67	14186224.6	33570091304	30.8266	4457	461.4	359.4	0	15.1	86.9	0	
SRB	Serbia	61.052	42.8478	12.296	5.024	8897606.4	91849344028	184.8082	39342	10865	11520	26	35	12	0	
SYC	Seychelles	0.86	0.4632	0.09	0	94182.2	2231697600	4.274	-9999	9.9	0	7	0	2.9	0	
SLE	Sierra_Leone	14.282	0.9462	5.654	1.838	7018893.8	10125116200	4.6822	-9999	220.4	219.9	0	0	0.4	0	
SGP	Singapore	62.054	52.025	3.692	8.26	5518919.4	361431658271	891.3048	51667	824.3	0	0	671.7	152.6	0	
SVK	Slovakia	33.528	34.8572	4.33	1.976	5428605.6	128734856923	183.7912	27064	6629	4606	6	1731	533	0	
SVN	Slovenia	11.032	14.4862	2.012	0.786	2066767.4	53030925871	78.8092	16500	5057	4782	6	281	267	0	
SLB	Solomon_Islands	2.67	0.3268	0.384	0.03	587409	-9999	0.9416	-9999	3.6	0.8	0	0	2.8	0	
SOM	Somalia	40.226	0.6272	19.368	6.728	13437121.6	-9999	3.4292	-9999	8.6	0	4.9	0	3.7	0	
ZAF	South_Africa	502.95	462.5948	45.262	19.186	54531597.2	644746726851	1436.3022	252747	8074	3892.5	3698	437.3	3341	0	
KOR	South_Korea	640.038	633.959	26.3	10.504	50564159.2	1747741042400	3264.4272	562603	15930	6634	1683	5781	5123	0	
ESP	Spain	290.32	263.842	38.674	19.526	46815518	1449568589803	1579.3576	274779	104639	39865	48906	5689	13649	0	
LKA	Sri_Lanka	34.148	18.205	9.618	2.81	20782673	216217594540	74.1094	14284	3950	3507	346	37.9	59.3	0	
SDN	Sudan	145.484	17.3666	54.948	27.282	37998874.8	130254853008	86.923	14429	8182	8051	0	110.5	20.5	0	
SUR	Suriname	7.958	2.6332	1.77	0.308	553167.8	-9999	12.826	2022	1179	1163.5	0	6.5	8.8	0	
SWE	Sweden	46.268	44.4362	5.05	4.87	9690784.4	416321158827	600.5	156010	89127	62137	15479	11487	143	0	
CHE	Switzerland	48.086	40.5192	4.958	2.19	8199915	493674432167	332.6506	63175	37809	36689	109	1743	1333	0	
SYR	Syria	53.786	33.9096	17.286	3.696	18838203.2	70834743242	155.3476	18112	963.5	929	1.1	33.5	0	0	
TJK	Tajikistan	11.696	4.4364	5.064	2.128	8261008.2	29300984132	65.3882	17232	16800	16800	0	0	0	0	
TZA	Tanzania	315.562	10.0766	71.032	31.592	50005719.4	124878482320	55.1452	6998	2597.5	2444.1	0	135.2	18.2	0	
THA	Thailand	410.002	281.9274	87.832	21.248	68421013.6	985224512734	1417.5282	191321	25047	4128	345	17672.6	3377	1.3	
TGO	Togo	14.658	1.9146	3.356	1.746	7139927.8	9809397000	9.759	232	169.6	165.1	0	0	4.4	0	
TON	Tonga	0.28	0.1166	0.1	0.058	101490	-9999	0.5332	-9999	4.5	0	0	0	4.5	0	
TTO	Trinidad_and_Tobago	26.764	44.462	1.23	0.38	1361750.8	37162047795	221.0082	10712	4	0	0	0	4	0	
TUN	Tunisia	38.546	27.8688	6.362	3.394	11069406	120542864762	105.6804	19808	589	45	474	0	70	0	
TUR	Turkey	362.196	368.6268	45.436	32.39	77232608.6	1531814229809	1507.7104	274408	90248	67231	15517	1635	1046	4819	
TKM	Turkmenistan	119.18	67.8672	45.842	3.558	5465652	109729394995	302.122	22534	0	0	0	0	0	0	
TUV	Tuvalu	0.016	0.0086	0.01	0	10979.4	-9999	-9999	-9999	2.8	0	0	0	2.8	0	
UGA	Uganda	77.42	4.1576	31.146	14.57	37007873.8	70412940349	24.4474	-9999	3594	3304.5	0	252	37.8	0	
UKR	Ukraine	327.136	263.3126	72.22	23.31	45097533.4	438260247707	1198.9516	164573	9285	9304	954	169.1	491	0	
ARE	United_Arab_Emirates	243.096	208.023	47.114	6.446	9235511.8	668538360197	1177.735	129956	337.3	0	0	6	331.3	0	
GBR	United_Kingdom	509.618	445.0244	54.992	28.294	65418091.2	2356926030355	2289.4828	332893	110019	5490	56904	34759	12857	0	
USA	United_States	5978.02	5391.1114	644.192	251.06	318602430	16501172484942	25500.2546	4322038	637076	292113	229471	69017	50334	18584	
URY	Uruguay	26.832	7.2026	21.45	8.028	3401000.4	63405299974	64.9194	13238	12795	7842	2994.3	2432.7	153.1	0	
UZB	Uzbekistan	202.794	107.7796	104.928	14.67	30435949.6	264164658537	526.1942	58319	14901	14896	0	0	4.8	0	
VUT	Vanuatu	0.788	0.1306	0.486	0.174	263896.8	-9999	0.6726	-9999	29.9	7.6	5	11.9	5.4	0	
VEN	Venezuela	354.186	185.1916	79.984	14.218	29823584.4	554372666739	936.413	112577	76099	76003.5	88.3	0	6.9	0	
VNM	Vietnam	271.002	169.3096	90.634	23.526	91717177.2	513755336140	735.6802	164832	63654	63105	209.8	332	7	0	
YEM	Yemen	31.576	18.1386	8.196	3.424	25821973.4	95988080429	81.6116	5045	549	0	0	0	549	0	
ZMB	Zambia	465.718	4.8432	112.53	27.496	15406862.2	52920952237	50.1016	11695	11108	11027	0	76	5.2	0	
ZWE	Zimbabwe	66.95	10.9178	11.856	6.618	13579443.4	21049043784	54.2126	7055	3658	3551	0	95.3	12.2	0	
																
																
																
																
																
																
																
																
																
																
																
																
																
																