1 56 59
1 57 7
1 57 41
1 57 42
1 57 43
1 57 44
1 58 08
1 58 09
1 58 10
1 58 12
1 58 12
1 58 14
1 58 52
1 59 10
1 59 34
1 59 46
1 59 57
2 2 2
2 2 17
2 2 22
2 3 16
2 3 40
2 3 45
2 3 46
2 3 54
2 3 57
2 4 0
2 4 9
2 4 37
2 4 42
2 4 56
2 4 57
2 6 17
2 6 21
2 6 40
2 7 4
2 7 39
2 7 41
2 7 41
2 7 43
2 7 49
2 7 57
2 8 10
2 8 24
2 8 26
2 8 40
2 8 41
2 8 41
2 8 41
2 8 42
2 8 44
2 8 46
2 8 47
2 8 48
2 9 1
2 9 10
2 9 35
2 10 20
2 10 58
2 11 4
2 11 4
2 11 5
2 11 6
2 11 11
2 11 13
2 11 17
2 11 20
2 11 25
2 11 26
2 11 31
2 11 32
2 11 35
2 12 40
2 12 42
2 13 25
2 13 25
2 13 47
2 14 6
2 14 20
2 14 25
2 14 34
2 14 36
2 14 39
2 14 41
2 14 52
2 14 52
2 14 56
2 14 59
2 15 13
2 15 18
2 15 19
2 15 22
2 15 26
2 15 36
2 15 44
2 15 44
2 15 44
2 15 48
2 15 55
2 15 56
2 16 3
2 16 36
2 16 40
2 16 44
2 16 51
2 16 58
2 17 2
2 17 7
2 17 8
2 17 11
2 17 11
2 17 17
2 17 19
2 17 35
2 17 36
2 17 43
2 17 48
2 17 49
2 17 52
2 17 53
2 17 56
2 17 57
2 17 57
2 17 57
2 17 58
2 18 5
2 18 22
2 18 27
2 18 30
2 18 30
2 18 40
2 18 44
2 18 49
2 18 56
2 19 5
2 19 8
2 19 8
2 19 10
2 19 11
2 19 13
2 19 18
2 19 26
2 19 28
2 19 28
2 19 31
2 19 47
2 19 51
2 20 0
2 20 0
2 20 6
2 20 7
2 20 15
2 20 19
2 20 20
2 20 23
2 20 30
2 20 30
2 20 31
2 20 47
2 20 48
2 20 51
2 20 51
2 20 52
2 20 55
2 20 55
2 20 56
2 20 59
2 21 1
2 21 2
2 21 4
2 21 6
2 21 14
2 21 21
2 21 23
2 21 30
2 21 35
2 21 38
2 21 38
2 21 39
2 21 40
2 21 47
2 21 54
2 21 58
2 21 58
2 22 2
2 22 39
2 22 42
2 22 42
2 22 47
2 22 48
2 22 51
2 22 52
2 22 52
2 22 56
2 22 56
2 23 5
2 23 9
2 23 12
2 23 14
2 23 15
2 23 29
2 23 31
2 23 36
2 23 39
2 23 41
2 23 48
-1 -1 -1
