20 35 8
21 8 47
23 14 25
23 19 22
23 37 4
24 58 45
25 0 53
25 11 15
25 17 49
25 18 16
25 23 41
25 41 59
26 6 43
26 13 27
26 17 11
26 32 47
26 35 26
26 46 42
26 59 9
27 16 20
27 17 43
27 19 40
27 39 49
27 46 39
27 47 17
27 47 32
27 50 13
27 58 45
28 13 19
29 4 51
29 8 42
29 13 27
29 14 6
29 16 24
29 19 59
29 20 1
29 22 10
29 23 23
29 28 38
29 37 38
29 39 25
29 40 51
29 47 33
29 52 25
29 59 51
30 32 51
30 37 52
30 56 55
31 7 43
31 7 43
31 18 50
31 18 51
31 24 6
31 24 6
31 27 50
31 52 21
31 55 16
32 3 36
32 5 38
32 7 43
32 10 46
32 12 25
32 13 41
32 14 6
32 16 27
32 20 57
32 31 45
32 31 45
32 33 41
32 45 12
33 2 38
33 12 24
33 15 3
33 16 59
33 17 40
33 18 7
33 21 7
33 21 17
-1 -1 -1
