5 12 6
5 12 29
5 13 21
5 13 21
5 13 21
5 13 21
5 13 21
5 13 28
5 13 28
5 13 28
5 13 28
5 13 28
5 15 6
5 15 8
5 16 17
5 16 17
5 16 17
5 16 17
5 16 57
5 16 57
5 16 57
5 16 57
5 16 57
5 16 57
5 16 57
5 16 57
5 17 28
5 17 28
5 17 31
5 18 25
5 19 20
5 19 20
5 20 51
5 20 51
5 20 51
5 20 51
5 21 54
5 21 54
5 25 19
5 25 19
5 25 19
5 26 41
5 26 41
5 26 41
5 26 41
5 26 41
5 28 3
5 28 3
5 28 3
5 28 3
5 29 10
5 30 12
5 30 12
5 31 23
5 32 12
5 32 12
5 32 12
5 32 12
5 32 12
5 32 12
5 32 12
5 32 12
5 32 12
5 32 12
5 32 12
5 32 12
5 34 56
5 35 13
5 35 13
5 35 13
5 35 13
5 35 13
5 35 13
5 35 13
5 35 13
5 35 13
5 35 13
5 35 51
5 35 51
5 35 51
5 35 51
5 35 51
5 35 51
5 35 51
5 35 51
5 35 51
5 35 51
5 35 51
5 35 51
5 35 51
5 35 51
5 35 51
5 35 51
5 35 51
5 35 51
5 35 51
5 35 51
5 35 51
5 35 51
5 35 51
5 36 33
5 36 33
5 36 33
5 36 37
5 36 37
5 36 37
5 36 37
5 37 41
5 37 41
5 38 1
5 38 7
5 38 33
5 38 33
5 38 33
5 38 33
5 38 33
5 38 33
5 38 33
5 38 33
5 38 33
5 39 16
5 40 25
5 42 55
5 42 55
5 42 55
5 42 55
5 42 55
5 42 55
5 42 55
5 42 55
5 42 55
5 42 55
5 42 55
5 42 55
5 42 58
5 42 58
5 42 58
5 43 43
5 45 26
5 45 26
5 45 26
5 46 54
5 46 54
5 47 3
5 47 3
5 47 3
5 47 3
6 21 11
-1 -1 -1
